// VERSION 04.06.25
// Березин Егор Павлович, 3g0r
// БИБЛИОТЕКА ЭЙЛЕРОВ: ПОРЯДКИ 6-150
n=78; example(n,0); 

puts("a=["+a+"];"); puts("b=["+b+"];");
//H=twocircul(c,d); {{I=H'*H}} putm(I);  
H=twocircul(a,b); {{I=H'*H}} putm(I); 
plotm(H,'XR',140,20); 

function example(n, k) {
    if (n == 6) { // Legendre
		a=[1,1,-1];
		b=[1,1,-1];
    }
    if (n == 10) { // Legendre
		a=[1,1,-1,-1,1];
		b=[1,-1,1,1,-1];
	}
    if (n == 14) { // Legendre
		a=[1,1,1,-1,1,-1,-1];
		b=[1,1,1,-1,1,-1,-1];
    }
    if (n == 18) { //GF
		a=[1,1,-1,1,-1,-1,1,-1,1];
		b=[1,1,-1,-1,-1,1,1,1,-1];	
    }
    if (n == 22) { // Legendre
		a=[1,1,-1,1,1,1,-1,-1,-1,1,-1];
		b=[1,1,-1,1,1,1,-1,-1,-1,1,-1];
    }
    if (n == 26) { // Legendre
		a=[1,1,-1,1,1,-1,-1,-1,-1,1,1,-1,1];
		b=[1,-1,1,-1,-1,1,1,1,1,-1,-1,1,-1];
    }
    if (n == 30) { //GF
		a=[-1,-1,1,-1,1,1,1,-1,-1,1,1,1,-1,1,-1];
		b=[1,-1,-1,-1,1,-1,-1,1,-1,1,1,-1,1,1,1];
    }
    if (n == 34) { // Legendre
		a=[1,1,1,-1,1,-1,-1,-1,1,1,-1,-1,-1,1,-1,1,1];
		b=[1,-1,-1,1,-1,1,1,1,-1,-1,1,1,1,-1,1,-1,-1];
    }
    if (n == 38) { // Legendre
		a=[1,1,-1,-1,1,1,1,1,-1,1,-1,1,-1,-1,-1,-1,1,1,-1];
		b=[1,1,-1,-1,1,1,1,1,-1,1,-1,1,-1,-1,-1,-1,1,1,-1];
    }
    if (n == 42) { // GF
		a=[1,-1,-1,1,-1,1,-1,1,1,1,-1,-1,1,1,1,-1,1,-1,1,-1,-1];
		b=[1,1,1,1,1,1,-1,-1,1,1,-1,1,-1,-1,1,1,-1,-1,-1,-1,-1];
    }
    if (n == 46) { // Legendre
		a=[1,1,1,1,1,-1,1,-1,1,1,-1,-1,1,1,-1,-1,1,-1,1,-1,-1,-1,-1];
		b=[1,1,1,1,1,-1,1,-1,1,1,-1,-1,1,1,-1,-1,1,-1,1,-1,-1,-1,-1];
    }
    if (n == 50) { // Orbit
		// O1=[1,10];
		// O2=[1,10];
		a=[1,1,1,1,1,-1,-1,-1,1,-1,-1,-1,1,-1,1,-1,-1,1,1,-1,-1,1,1,-1,1];
		b=[1,1,-1,-1,1,-1,1,1,-1,1,-1,-1,1,1,1,-1,1,-1,1,-1,-1,-1,-1,1,1];
    }
    if (n == 54) { // Orbit
		// O1=[1,18];
		// O2=[1,18];
		a=[-1,-1,1,-1,-1,1,1,1,1,-1,1,-1,1,1,1,-1,-1,1,-1,-1,1,-1,-1,1,1,1,-1];
		b=[-1,-1,1,1,-1,-1,-1,-1,-1,-1,1,1,1,1,-1,1,1,1,-1,1,-1,1,-1,1,1,-1,1];
    }
    if (n == 58) { // Legendre
		a=[1,1,-1,-1,1,1,1,1,-1,1,-1,-1,-1,1,-1,-1,1,-1,-1,-1,1,-1,1,1,1,1,-1,-1,1];
		b=[1,-1,1,1,-1,-1,-1,-1,1,-1,1,1,1,-1,1,1,-1,1,1,1,-1,1,-1,-1,-1,-1,1,1,-1];
    }
    if (n == 62) { // Legendre
		a=[1,1,1,-1,1,1,-1,1,1,1,1,-1,-1,-1,1,-1,1,-1,1,1,1,-1,-1,-1,-1,1,-1,-1,1,-1,-1];
		b=[1,1,1,-1,1,1,-1,1,1,1,1,-1,-1,-1,1,-1,1,-1,1,1,1,-1,-1,-1,-1,1,-1,-1,1,-1,-1];
    }
    if (n == 66) { // GF
		a=[1,-1,1,-1,1,1,1,1,1,-1,-1,1,-1,-1,1,-1,-1,-1,-1,1,-1,-1,1,-1,-1,1,1,1,1,1,-1,1,-1];
		b=[1,1,1,-1,-1,-1,-1,1,1,-1,1,1,1,-1,-1,1,-1,1,-1,1,1,-1,-1,-1,1,-1,-1,1,1,1,1,-1,-1];
    }
    if (n == 70) { // GF
		a=[-1,1,-1,1,-1,1,1,1,1,-1,1,1,-1,-1,-1,-1,-1,1,1,-1,-1,-1,-1,-1,1,1,-1,1,1,1,1,-1,1,-1,1];
		b=[1,1,-1,-1,-1,1,1,-1,-1,-1,-1,1,-1,1,1,-1,1,1,-1,-1,1,-1,-1,1,-1,1,1,1,1,-1,-1,1,1,1,-1];
    }
	if (n == 74) { // Legendre
		a=[1,1,-1,1,1,-1,-1,1,-1,1,1,1,1,-1,-1,-1,1,-1,-1,-1,-1,1,-1,-1,-1,1,1,1,1,-1,1,-1,-1,1,1,-1,1];
		b=[1,-1,1,-1,-1,1,1,-1,1,-1,-1,-1,-1,1,1,1,-1,1,1,1,1,-1,1,1,1,-1,-1,-1,-1,1,-1,1,1,-1,-1,1,-1];
    }
	if (n == 78) { // GF
		a=[-1,-1,-1,-1,1,1,-1,1,1,1,-1,1,-1,1,-1,1,1,-1,1,-1,-1,1,-1,1,1,-1,1,-1,1,-1,1,1,1,-1,1,1,-1,-1,-1];
		b=[1,1,1,1,1,-1,1,1,-1,-1,1,1,1,1,-1,-1,1,1,1,-1,1,-1,-1,-1,1,1,-1,-1,-1,-1,1,1,-1,-1,1,-1,-1,-1,-1];
    }
	if (n == 82) { // GF
		a=[1,1,1,1,-1,-1,-1,-1,-1,1,1,-1,-1,1,-1,1,-1,1,1,1,-1,-1,1,1,1,-1,1,-1,1,-1,-1,1,1,-1,-1,-1,-1,-1,1,1,1];
		b=[1,-1,1,1,-1,-1,-1,1,-1,1,-1,-1,-1,-1,1,-1,-1,1,-1,1,1,-1,-1,1,-1,1,1,-1,1,1,1,1,-1,1,-1,1,1,1,-1,-1,1];
    }
	if (n == 86) { // Legendre
		a=[1,1,-1,-1,1,-1,1,-1,-1,1,1,1,-1,1,1,1,1,1,-1,-1,-1,1,-1,1,1,1,-1,-1,-1,-1,-1,1,-1,-1,-1,1,1,-1,1,-1,1,1,-1];
		b=[1,1,-1,-1,1,-1,1,-1,-1,1,1,1,-1,1,1,1,1,1,-1,-1,-1,1,-1,1,1,1,-1,-1,-1,-1,-1,1,-1,-1,-1,1,1,-1,1,-1,1,1,-1];
    }
	if (n == 90) { // Compressed x5
        //c=[-1,1,-1,1,3,5,-5,-1,-1];
		//d=[3,-1,-1,-1,1,-1,1,1,-1];
		a=[-1,1,1,1,1,1,-1,-1,-1,-1,-1,-1,-1,-1,1,-1,1,-1,-1,1,-1,1,1,1,-1,1,-1,1,-1,-1,1,1,1,-1,-1,1,1,1,1,-1,1,1,-1,-1,1];
		b=[-1,1,-1,1,-1,-1,1,1,1,1,-1,1,-1,1,-1,-1,-1,1,1,-1,1,1,-1,-1,1,1,-1,1,1,-1,-1,1,1,1,1,-1,1,-1,-1,-1,1,1,-1,-1,-1];
    }
	if (n == 94) { // Legendre
        a=[1,1,1,1,1,-1,1,1,1,1,-1,-1,1,-1,1,-1,1,1,1,-1,-1,1,-1,-1,1,1,-1,1,1,-1,-1,-1,1,-1,1,-1,1,1,-1,-1,-1,-1,1,-1,-1,-1,-1];
		b=[1,1,1,1,1,-1,1,1,1,1,-1,-1,1,-1,1,-1,1,1,1,-1,-1,1,-1,-1,1,1,-1,1,1,-1,-1,-1,1,-1,1,-1,1,1,-1,-1,-1,-1,1,-1,-1,-1,-1];
    }
	if (n == 98) { // Orbit
		// O1=[1,18,30];
		// O2=[1,18,30];
		a=[1,-1,-1,1,1,1,1,-1,1,1,1,-1,1,-1,-1,1,1,1,-1,-1,1,1,1,1,-1,1,-1,-1,-1,-1,-1,-1,-1,1,-1,1,-1,-1,-1,1,-1,1,1,1,1,-1,1,-1,-1];
		b=[1,1,1,-1,1,-1,-1,1,1,-1,-1,1,-1,1,1,-1,-1,-1,1,-1,-1,1,1,1,-1,-1,1,1,1,-1,1,-1,-1,-1,-1,1,1,-1,1,-1,-1,-1,1,-1,1,1,1,1,-1];
    }
	if (n == 102) { // compressed x3
		//c=[1,1,1,3,1,-3,-1,-3,3,1,-1,-1,-1,-1,-1,1,1];
		//d=[-1,1,1,-3,1,1,-1,-3,1,-1,1,-1,1,3,-1,3,-1];
		a=[1,1,1,1,1,-1,-1,-1,1,1,-1,1,1,1,1,-1,1,1,1,-1,1,-1,-1,1,-1,1,1,-1,-1,-1,-1,-1,1,1,-1,-1,1,1,1,-1,-1,-1,1,-1,1,-1,-1,-1,-1,1,-1];
		b=[1,-1,1,-1,1,1,1,-1,-1,-1,1,1,1,1,1,1,-1,-1,1,-1,-1,-1,-1,-1,-1,1,-1,1,-1,-1,1,-1,1,1,-1,1,1,-1,1,1,-1,-1,1,1,-1,-1,1,1,-1,1,-1];
    }
	if (n == 106) { // GF
		a=[1,-1,-1,1,-1,-1,-1,1,-1,1,-1,1,1,-1,-1,1,1,1,1,1,-1,-1,1,-1,-1,1,-1,1,-1,1,1,-1,1,1,-1,-1,-1,-1,-1,1,1,-1,-1,1,-1,1,-1,1,1,1,-1,1,1];
		b=[1,1,1,-1,1,-1,1,1,1,1,-1,-1,-1,-1,1,-1,-1,-1,1,1,1,-1,-1,1,-1,-1,1,-1,-1,1,-1,-1,1,1,1,-1,-1,-1,1,-1,-1,-1,-1,1,1,1,1,-1,1,-1,1,1,1];
    }
	if (n == 110) { // Orbit
		//O1=[1,34];
		//O2=[1,34];
		a=[1,1,-1,1,-1,1,1,1,1,-1,1,-1,-1,-1,-1,1,-1,-1,1,1,-1,-1,1,-1,1,-1,-1,-1,-1,-1,1,-1,1,1,1,1,-1,-1,-1,1,1,1,1,1,-1,-1,1,1,-1,-1,1,-1,1,1,-1];
		b=[-1,1,-1,1,-1,1,1,1,1,1,1,1,-1,-1,1,1,-1,-1,1,-1,1,-1,-1,-1,1,1,-1,-1,-1,-1,-1,1,1,-1,1,-1,1,-1,-1,1,1,-1,-1,1,1,1,1,1,-1,-1,1,-1,1,-1,-1];
    }
	if (n == 114) { // Orbit
		//O1=[1,7,49];
		//O2=[1,7,49];
		a=[1,1,-1,1,1,1,-1,1,-1,-1,1,-1,-1,1,-1,-1,1,1,-1,1,-1,1,-1,1,1,1,-1,-1,1,1,-1,-1,1,1,1,1,1,-1,-1,-1,-1,-1,-1,1,1,-1,-1,1,-1,1,-1,-1,-1,1,1,1,-1];
		b=[1,-1,-1,1,1,-1,1,-1,-1,1,-1,1,-1,-1,-1,-1,1,-1,-1,-1,1,1,-1,1,-1,1,1,-1,1,1,1,1,1,1,-1,-1,-1,1,1,1,-1,-1,1,1,1,1,1,1,-1,-1,-1,-1,-1,1,-1,1,-1];
    }
	if (n == 118) { // Legendre
		a=[1,1,-1,1,1,1,-1,1,-1,1,-1,-1,1,-1,-1,1,1,1,-1,1,1,1,1,-1,-1,1,1,1,1,1,-1,-1,-1,-1,-1,1,1,-1,-1,-1,-1,1,-1,-1,-1,1,1,-1,1,1,-1,1,-1,1,-1,-1,-1,1,-1];
		b=[1,1,-1,1,1,1,-1,1,-1,1,-1,-1,1,-1,-1,1,1,1,-1,1,1,1,1,-1,-1,1,1,1,1,1,-1,-1,-1,-1,-1,1,1,-1,-1,-1,-1,1,-1,-1,-1,1,1,-1,1,1,-1,1,-1,1,-1,-1,-1,1,-1];
    }
	if (n == 122) { // Legendre
		a=[1,1,-1,1,1,1,-1,-1,-1,1,-1,-1,1,1,1,1,1,-1,-1,1,1,-1,1,-1,-1,1,-1,1,-1,-1,-1,-1,-1,-1,1,-1,1,-1,-1,1,-1,1,1,-1,-1,1,1,1,1,1,-1,-1,1,-1,-1,-1,1,1,1,-1,1];
		b=[1,1,-1,1,1,1,-1,-1,-1,1,-1,-1,1,1,1,1,1,-1,-1,1,1,-1,1,-1,-1,1,-1,1,-1,-1,-1,-1,-1,-1,1,-1,1,-1,-1,1,-1,1,1,-1,-1,1,1,1,1,1,-1,-1,1,-1,-1,-1,1,1,1,-1,1];
    }
	if (n == 126) { // GF
		a=[1,-1,1,1,-1,-1,-1,1,-1,1,1,1,1,1,1,1,1,-1,-1,-1,1,1,1,-1,1,-1,1,-1,-1,1,1,-1,1,-1,-1,1,1,-1,1,-1,1,-1,-1,-1,1,1,1,-1,-1,-1,-1,-1,-1,-1,-1,1,-1,1,1,1,-1,-1,1];
		b=[1,1,-1,-1,-1,1,-1,1,1,-1,1,-1,1,1,-1,-1,-1,1,-1,-1,-1,-1,1,1,-1,1,1,-1,1,1,1,-1,1,1,1,-1,1,1,-1,1,1,-1,-1,-1,-1,1,-1,-1,-1,1,1,-1,1,-1,1,1,-1,1,-1,-1,-1,1,1];
    }
	if (n == 130) { // GF
		a=[1,1,1,-1,-1,1,1,-1,-1,1,1,1,1,-1,-1,-1,-1,1,-1,-1,-1,-1,-1,1,-1,1,-1,-1,1,-1,-1,-1,1,-1,1,1,1,-1,1,1,-1,1,-1,1,1,1,1,1,-1,1,1,1,1,-1,-1,-1,-1,1,1,-1,-1,1,1,-1,-1];
		b=[1,1,-1,1,1,-1,1,-1,-1,-1,1,-1,-1,1,1,-1,1,-1,1,-1,1,1,1,1,-1,-1,-1,-1,-1,1,1,-1,1,-1,1,1,-1,-1,-1,-1,-1,1,1,1,1,-1,1,-1,1,-1,1,1,-1,-1,1,-1,-1,-1,1,-1,1,1,-1,1,1];
    }
	if (n == 134) { // Legendre
		a=[1,1,-1,-1,1,-1,1,-1,-1,1,1,-1,-1,-1,1,1,1,1,-1,1,-1,1,1,1,1,1,1,-1,-1,1,-1,-1,-1,1,-1,1,1,1,-1,1,1,-1,-1,-1,-1,-1,-1,1,-1,1,-1,-1,-1,-1,1,1,1,-1,-1,1,1,-1,1,-1,1,1,-1];
		b=[1,1,-1,-1,1,-1,1,-1,-1,1,1,-1,-1,-1,1,1,1,1,-1,1,-1,1,1,1,1,1,1,-1,-1,1,-1,-1,-1,1,-1,1,1,1,-1,1,1,-1,-1,-1,-1,-1,-1,1,-1,1,-1,-1,-1,-1,1,1,1,-1,-1,1,1,-1,1,-1,1,1,-1];
    }	
	if (n == 138) { // GF
		a=[1,-1,-1,-1,1,1,1,-1,1,1,-1,1,1,1,1,-1,-1,-1,-1,-1,-1,-1,-1,1,1,-1,-1,1,-1,-1,1,1,-1,1,-1,1,-1,1,-1,-1,1,1,-1,1,1,-1,-1,1,1,1,1,1,1,1,1,-1,-1,-1,-1,1,-1,-1,1,-1,-1,-1,1,1,1];
		b=[1,-1,-1,-1,1,-1,-1,-1,1,1,-1,1,1,-1,1,-1,-1,-1,-1,1,1,1,-1,1,-1,1,1,1,-1,1,-1,1,1,-1,1,-1,1,1,-1,1,-1,1,1,1,-1,1,-1,1,1,1,-1,-1,-1,-1,1,-1,1,1,-1,1,1,-1,-1,-1,1,-1,-1,-1,1];
    }
	if (n == 142) { // Legendre
		a=[1,1,1,1,1,1,1,-1,1,1,1,-1,1,-1,-1,1,1,-1,1,1,1,-1,-1,-1,1,1,-1,1,-1,1,1,-1,1,-1,-1,-1,1,1,1,-1,1,-1,-1,1,-1,1,-1,-1,1,1,1,-1,-1,-1,1,-1,-1,1,1,-1,1,-1,-1,-1,1,-1,-1,-1,-1,-1,-1];
		b=[1,1,1,1,1,1,1,-1,1,1,1,-1,1,-1,-1,1,1,-1,1,1,1,-1,-1,-1,1,1,-1,1,-1,1,1,-1,1,-1,-1,-1,1,1,1,-1,1,-1,-1,1,-1,1,-1,-1,1,1,1,-1,-1,-1,1,-1,-1,1,1,-1,1,-1,-1,-1,1,-1,-1,-1,-1,-1,-1];
    }
	if (n == 146) { // Legendre
		a=[1,1,1,1,1,-1,1,-1,1,1,-1,-1,1,-1,-1,-1,1,-1,1,1,-1,-1,-1,1,1,1,-1,1,-1,-1,-1,-1,1,-1,-1,1,1,1,1,-1,-1,1,-1,-1,-1,-1,1,-1,1,1,1,-1,-1,-1,1,1,-1,1,-1,-1,-1,1,-1,-1,1,1,-1,1,-1,1,1,1,1];
		b=[1,1,1,1,1,-1,1,-1,1,1,-1,-1,1,-1,-1,-1,1,-1,1,1,-1,-1,-1,1,1,1,-1,1,-1,-1,-1,-1,1,-1,-1,1,1,1,1,-1,-1,1,-1,-1,-1,-1,1,-1,1,1,1,-1,-1,-1,1,1,-1,1,-1,-1,-1,1,-1,-1,1,1,-1,1,-1,1,1,1,1];
    }
	if (n == 150) { // GF
		a=[1,1,1,1,1,-1,-1,1,1,-1,-1,-1,-1,-1,1,-1,-1,-1,1,1,-1,1,1,-1,-1,-1,1,-1,1,1,1,1,-1,-1,1,-1,-1,1,-1,1,1,-1,1,1,-1,-1,-1,-1,1,-1,1,1,1,-1,-1,1,-1,-1,1,1,1,-1,1,1,1,1,1,-1,-1,1,1,-1,-1,-1,-1];
		b=[1,-1,1,1,1,1,-1,-1,-1,1,-1,-1,1,1,-1,1,-1,1,1,1,1,-1,1,-1,1,-1,1,-1,1,1,-1,-1,-1,-1,1,-1,-1,-1,-1,-1,1,-1,-1,-1,-1,1,1,-1,1,-1,1,-1,1,-1,1,1,1,1,-1,1,-1,1,1,-1,-1,1,-1,-1,-1,1,1,1,1,-1,1];
    }
}